title: >
  Figure 13: China’s rise and the future world economy

source: >
  <b>Source:</b> authors’ projections, IMF World Economic Outlook October 2021, OECD Long Term Growth Forecasts (2018)

#notes: >
  #<b>1/</b> Other Emerging Asia: includes China, India, Philippines, Thailand, & Malaysia.<br>
  #<b>2/</b> Non-Asia emerging economies includes: Argentina, Brazil, Mexico, Russia, South Africa, & Turkey.<br>
  #<b>3/</b> NFCs = Non-financial corporations.

charts:
  -
    title: >
      China's rise with 2.5% growth
    subtitle: >
      % of world economy measured in US dollars
    scale:
      minY: 0
      maxY: 100
      ticks: 6

    legend:
      - USA
      - EU
      - Japan
      - UK
      - Canada
      - Australia
      - India
      - Korea
      - ASEAN
      - Russia
      - China
      - RoW

    colors:
      - "#06225c"
      - "#2c70ba"
      - "#4cafea"
      - "#93aad8"
      - "#b7c7e4"
      - "#dbe3f1"
      - "#4eac5b"
      - "#df8244"
      - "#f6c142"
      - "#67389a"
      - "#eb3223"
      - "#bfbfbf"

    axes:
      -
        title: Year
        values:
          - 2000
          - null
          - null
          - null
          - null
          - null
          - null
          - null
          - null
          - null
          - 2010
          - null
          - null
          - null
          - null
          - null
          - null
          - null
          - null
          - null
          - 2020
          - null
          - null
          - null
          - null
          - null
          - null
          - null
          - null
          - null
          - 2030
          - null
          - null
          - null
          - null
          - null
          - null
          - null
          - null
          - null
          - 2040
          - null
          - null
          - null
          - null
          - null
          - null
          - null
          - null
          - null
          - 2050

      -
        title: Number
        values:
          - [ 30.1, 21.4, 14.6, 4.9, 2.2, 1.2, 1.4, 1.7, 1.6, 0.8, 3.5, 16.6 ]
          - [ 31.4, 21.9, 13.0, 4.9, 2.2, 1.1, 1.5, 1.6, 1.5, 1.0, 4.0, 16.1 ]
          - [ 31.3, 23.1, 12.0, 5.1, 2.2, 1.2, 1.5, 1.8, 1.7, 1.1, 4.2, 14.8 ]
          - [ 29.3, 25.3, 11.5, 5.2, 2.3, 1.4, 1.6, 1.8, 1.7, 1.2, 4.2, 14.5 ]
          - [ 27.7, 25.8, 11.1, 5.5, 2.3, 1.5, 1.6, 1.8, 1.7, 1.4, 4.4, 15.1 ]
          - [ 27.3, 24.9, 10.1, 5.3, 2.5, 1.5, 1.7, 2.0, 1.7, 1.7, 4.8, 16.4 ]
          - [ 26.7, 24.5, 8.9, 5.2, 2.6, 1.5, 1.8, 2.0, 1.9, 2.1, 5.3, 17.4 ]
          - [ 24.8, 25.2, 7.8, 5.3, 2.5, 1.6, 2.1, 2.0, 2.0, 2.4, 6.1, 18.1 ]
          - [ 23.1, 25.4, 8.0, 4.6, 2.4, 1.6, 1.9, 1.6, 2.2, 2.8, 7.1, 19.2 ]
          - [ 23.9, 24.3, 8.7, 4.0, 2.3, 1.6, 2.3, 1.6, 2.3, 2.2, 8.4, 18.6 ]
          - [ 22.7, 21.9, 8.7, 3.7, 2.4, 1.9, 2.6, 1.7, 2.6, 2.5, 9.1, 20.2 ]
          - [ 21.2, 21.4, 8.5, 3.6, 2.4, 2.1, 2.5, 1.7, 2.7, 2.8, 10.2, 21.1 ]
          - [ 21.7, 19.5, 8.4, 3.6, 2.4, 2.1, 2.4, 1.7, 2.8, 2.9, 11.4, 21.1 ]
          - [ 21.8, 19.8, 6.8, 3.6, 2.4, 2.0, 2.4, 1.8, 2.8, 3.0, 12.5, 21.2 ]
          - [ 22.1, 19.7, 6.2, 3.9, 2.3, 1.8, 2.6, 1.9, 2.7, 2.6, 13.3, 20.9 ]
          - [ 24.3, 18.1, 5.9, 3.9, 2.1, 1.6, 2.8, 2.0, 2.8, 1.8, 14.8, 19.9 ]
          - [ 24.5, 18.2, 6.6, 3.5, 2.0, 1.7, 3.0, 2.0, 2.9, 1.7, 14.7, 19.1 ]
          - [ 24.1, 18.3, 6.1, 3.3, 2.0, 1.7, 3.3, 2.0, 3.0, 1.9, 15.2, 19.1 ]
          - [ 23.9, 18.6, 5.9, 3.3, 2.0, 1.7, 3.1, 2.0, 3.0, 1.9, 16.1, 18.5 ]
          - [ 24.5, 17.9, 5.9, 3.2, 2.0, 1.6, 3.3, 1.9, 3.1, 1.9, 16.4, 18.2 ]
          - [ 24.6, 18.0, 5.9, 3.2, 1.9, 1.6, 3.1, 1.9, 3.1, 1.7, 17.5, 17.4 ]
          - [ 24.2, 18.1, 5.4, 3.3, 2.1, 1.7, 3.1, 1.9, 3.0, 1.7, 17.8, 17.6 ]
          - [ 24.3, 18.0, 5.3, 3.4, 2.1, 1.6, 3.2, 1.9, 3.0, 1.7, 18.1, 17.4 ]
          - [ 24.0, 17.9, 5.3, 3.3, 2.1, 1.6, 3.3, 1.9, 3.1, 1.6, 18.5, 17.4 ]
          - [ 23.7, 17.8, 5.2, 3.3, 2.1, 1.6, 3.3, 1.9, 3.1, 1.6, 19.1, 17.3 ]
          - [ 23.3, 17.6, 5.1, 3.3, 2.1, 1.6, 3.4, 1.8, 3.2, 1.6, 19.7, 17.2 ]
          - [ 23.0, 17.5, 5.0, 3.3, 2.1, 1.6, 3.5, 1.8, 3.3, 1.5, 20.2, 17.2 ]
          - [ 22.5, 17.1, 4.9, 3.2, 2.0, 1.6, 3.7, 1.8, 3.4, 1.5, 20.6, 17.6 ]
          - [ 22.2, 16.8, 4.8, 3.2, 2.0, 1.6, 4.0, 1.8, 3.5, 1.5, 21.0, 17.6 ]
          - [ 21.8, 16.6, 4.7, 3.1, 2.0, 1.6, 4.2, 1.8, 3.6, 1.5, 21.4, 17.6 ]
          - [ 21.5, 16.3, 4.6, 3.1, 1.9, 1.6, 4.5, 1.8, 3.7, 1.5, 21.7, 17.7 ]
          - [ 21.3, 16.2, 4.5, 3.1, 1.9, 1.6, 4.7, 1.8, 3.8, 1.5, 21.9, 17.6 ]
          - [ 21.2, 16.0, 4.4, 3.1, 1.9, 1.6, 5.0, 1.8, 3.9, 1.5, 22.0, 17.6 ]
          - [ 21.0, 15.9, 4.4, 3.1, 1.9, 1.6, 5.2, 1.7, 4.0, 1.5, 22.2, 17.6 ]
          - [ 20.8, 15.7, 4.3, 3.0, 1.9, 1.6, 5.4, 1.7, 4.1, 1.5, 22.3, 17.6 ]
          - [ 20.6, 15.6, 4.3, 3.0, 1.9, 1.6, 5.7, 1.7, 4.2, 1.5, 22.4, 17.6 ]
          - [ 20.5, 15.4, 4.2, 3.0, 1.9, 1.6, 5.9, 1.7, 4.3, 1.5, 22.4, 17.6 ]
          - [ 20.3, 15.3, 4.2, 3.0, 1.9, 1.6, 6.2, 1.7, 4.4, 1.5, 22.4, 17.6 ]
          - [ 20.2, 15.1, 4.1, 3.0, 1.8, 1.6, 6.5, 1.7, 4.6, 1.5, 22.5, 17.6 ]
          - [ 20.0, 15.0, 4.0, 3.0, 1.8, 1.6, 6.7, 1.6, 4.7, 1.5, 22.5, 17.5 ]
          - [ 19.9, 14.8, 4.0, 2.9, 1.8, 1.6, 7.0, 1.6, 4.8, 1.5, 22.5, 17.5 ]
          - [ 19.8, 14.7, 3.9, 2.9, 1.8, 1.6, 7.3, 1.6, 4.9, 1.5, 22.5, 17.5 ]
          - [ 19.7, 14.6, 3.9, 2.9, 1.8, 1.6, 7.5, 1.6, 5.0, 1.5, 22.4, 17.5 ]
          - [ 19.6, 14.6, 3.8, 2.9, 1.8, 1.6, 7.7, 1.6, 5.1, 1.5, 22.4, 17.4 ]
          - [ 19.5, 14.5, 3.8, 2.9, 1.8, 1.6, 7.9, 1.6, 5.2, 1.4, 22.3, 17.4 ]
          - [ 19.4, 14.4, 3.8, 2.9, 1.8, 1.6, 8.1, 1.5, 5.4, 1.4, 22.3, 17.4 ]
          - [ 19.3, 14.3, 3.7, 2.9, 1.8, 1.6, 8.4, 1.5, 5.5, 1.4, 22.2, 17.3 ]
          - [ 19.2, 14.2, 3.7, 2.9, 1.8, 1.6, 8.6, 1.5, 5.6, 1.4, 22.1, 17.3 ]
          - [ 19.1, 14.2, 3.6, 2.9, 1.8, 1.6, 8.9, 1.5, 5.7, 1.4, 22.0, 17.2 ]
          - [ 19.0, 14.1, 3.6, 2.9, 1.7, 1.7, 9.1, 1.5, 5.9, 1.4, 21.9, 17.2 ]
          - [ 18.9, 14.0, 3.5, 2.9, 1.7, 1.7, 9.4, 1.5, 6.0, 1.4, 21.8, 17.2 ]
  -
    title: >
      China's rise with 5% growth
    subtitle: >
      % of world economy measured in US dollars
    scale:
      minY: 0
      maxY: 100
      ticks: 6

    legend:
      - USA
      - EU
      - Japan
      - UK
      - Canada
      - Australia
      - India
      - Korea
      - ASEAN
      - Russia
      - China
      - RoW

    colors:
      - "#06225c"
      - "#2c70ba"
      - "#4cafea"
      - "#93aad8"
      - "#b7c7e4"
      - "#dbe3f1"
      - "#4eac5b"
      - "#df8244"
      - "#f6c142"
      - "#67389a"
      - "#eb3223"
      - "#bfbfbf"

    axes:
      -
        title: Year
        values:
          - 2000
          - null
          - null
          - null
          - null
          - null
          - null
          - null
          - null
          - null
          - 2010
          - null
          - null
          - null
          - null
          - null
          - null
          - null
          - null
          - null
          - 2020
          - null
          - null
          - null
          - null
          - null
          - null
          - null
          - null
          - null
          - 2030
          - null
          - null
          - null
          - null
          - null
          - null
          - null
          - null
          - null
          - 2040
          - null
          - null
          - null
          - null
          - null
          - null
          - null
          - null
          - null
          - 2050
          - null
      -
        title: Number
        values:
          - [ 30.1, 21.4, 14.6, 4.9, 2.2, 1.2, 1.4, 1.7, 1.6, 0.8, 3.5, 16.6 ]
          - [ 31.4, 21.9, 13.0, 4.9, 2.2, 1.1, 1.5, 1.6, 1.5, 1.0, 4.0, 16.1 ]
          - [ 31.3, 23.1, 12.0, 5.1, 2.2, 1.2, 1.5, 1.8, 1.7, 1.1, 4.2, 14.8 ]
          - [ 29.3, 25.3, 11.5, 5.2, 2.3, 1.4, 1.6, 1.8, 1.7, 1.2, 4.2, 14.5 ]
          - [ 27.7, 25.8, 11.1, 5.5, 2.3, 1.5, 1.6, 1.8, 1.7, 1.4, 4.4, 15.1 ]
          - [ 27.3, 24.9, 10.1, 5.3, 2.5, 1.5, 1.7, 2.0, 1.7, 1.7, 4.8, 16.4 ]
          - [ 26.7, 24.5, 8.9, 5.2, 2.6, 1.5, 1.8, 2.0, 1.9, 2.1, 5.3, 17.4 ]
          - [ 24.8, 25.2, 7.8, 5.3, 2.5, 1.6, 2.1, 2.0, 2.0, 2.4, 6.1, 18.1 ]
          - [ 23.1, 25.4, 8.0, 4.6, 2.4, 1.6, 1.9, 1.6, 2.2, 2.8, 7.1, 19.2 ]
          - [ 23.9, 24.3, 8.7, 4.0, 2.3, 1.6, 2.3, 1.6, 2.3, 2.2, 8.4, 18.6 ]
          - [ 22.7, 21.9, 8.7, 3.7, 2.4, 1.9, 2.6, 1.7, 2.6, 2.5, 9.1, 20.2 ]
          - [ 21.2, 21.4, 8.5, 3.6, 2.4, 2.1, 2.5, 1.7, 2.7, 2.8, 10.2, 21.1 ]
          - [ 21.7, 19.5, 8.4, 3.6, 2.4, 2.1, 2.4, 1.7, 2.8, 2.9, 11.4, 21.1 ]
          - [ 21.8, 19.8, 6.8, 3.6, 2.4, 2.0, 2.4, 1.8, 2.8, 3.0, 12.5, 21.2 ]
          - [ 22.1, 19.7, 6.2, 3.9, 2.3, 1.8, 2.6, 1.9, 2.7, 2.6, 13.3, 20.9 ]
          - [ 24.3, 18.1, 5.9, 3.9, 2.1, 1.6, 2.8, 2.0, 2.8, 1.8, 14.8, 19.9 ]
          - [ 24.5, 18.2, 6.6, 3.5, 2.0, 1.7, 3.0, 2.0, 2.9, 1.7, 14.7, 19.1 ]
          - [ 24.1, 18.3, 6.1, 3.3, 2.0, 1.7, 3.3, 2.0, 3.0, 1.9, 15.2, 19.1 ]
          - [ 23.9, 18.6, 5.9, 3.3, 2.0, 1.7, 3.1, 2.0, 3.0, 1.9, 16.1, 18.5 ]
          - [ 24.5, 17.9, 5.9, 3.2, 2.0, 1.6, 3.3, 1.9, 3.1, 1.9, 16.4, 18.2 ]
          - [ 24.6, 18.0, 5.9, 3.2, 1.9, 1.6, 3.1, 1.9, 3.1, 1.7, 17.5, 17.4 ]
          - [ 24.2, 18.1, 5.4, 3.3, 2.1, 1.7, 3.1, 1.9, 3.0, 1.7, 17.8, 17.6 ]
          - [ 24.3, 18.0, 5.3, 3.4, 2.1, 1.6, 3.2, 1.9, 3.0, 1.7, 18.1, 17.4 ]
          - [ 24.0, 17.9, 5.3, 3.3, 2.1, 1.6, 3.3, 1.9, 3.1, 1.6, 18.5, 17.4 ]
          - [ 23.7, 17.8, 5.2, 3.3, 2.1, 1.6, 3.3, 1.9, 3.1, 1.6, 19.1, 17.3 ]
          - [ 23.3, 17.6, 5.1, 3.3, 2.1, 1.6, 3.4, 1.8, 3.2, 1.6, 19.8, 17.2 ]
          - [ 22.9, 17.4, 5.0, 3.3, 2.1, 1.6, 3.5, 1.8, 3.3, 1.5, 20.4, 17.2 ]
          - [ 22.4, 17.0, 4.8, 3.2, 2.0, 1.6, 3.7, 1.8, 3.4, 1.5, 21.0, 17.6 ]
          - [ 22.0, 16.7, 4.7, 3.2, 2.0, 1.6, 3.9, 1.8, 3.5, 1.5, 21.7, 17.5 ]
          - [ 21.6, 16.4, 4.6, 3.1, 2.0, 1.6, 4.2, 1.8, 3.6, 1.5, 22.4, 17.4 ]
          - [ 21.2, 16.0, 4.5, 3.0, 1.9, 1.6, 4.5, 1.8, 3.7, 1.5, 23.1, 17.4 ]
          - [ 20.9, 15.8, 4.4, 3.0, 1.9, 1.5, 4.6, 1.7, 3.7, 1.5, 23.7, 17.2 ]
          - [ 20.5, 15.5, 4.3, 3.0, 1.9, 1.5, 4.8, 1.7, 3.8, 1.5, 24.3, 17.1 ]
          - [ 20.2, 15.3, 4.2, 2.9, 1.8, 1.5, 5.0, 1.7, 3.9, 1.5, 24.9, 17.0 ]
          - [ 19.9, 15.0, 4.1, 2.9, 1.8, 1.5, 5.2, 1.6, 3.9, 1.4, 25.6, 16.9 ]
          - [ 19.6, 14.8, 4.1, 2.9, 1.8, 1.5, 5.4, 1.6, 4.0, 1.4, 26.2, 16.7 ]
          - [ 19.3, 14.5, 4.0, 2.8, 1.8, 1.5, 5.6, 1.6, 4.1, 1.4, 26.8, 16.6 ]
          - [ 19.0, 14.3, 3.9, 2.8, 1.7, 1.5, 5.8, 1.6, 4.2, 1.4, 27.5, 16.4 ]
          - [ 18.7, 14.0, 3.8, 2.8, 1.7, 1.5, 6.0, 1.5, 4.2, 1.4, 28.1, 16.3 ]
          - [ 18.4, 13.7, 3.7, 2.7, 1.7, 1.5, 6.2, 1.5, 4.3, 1.4, 28.8, 16.1 ]
          - [ 18.1, 13.5, 3.6, 2.7, 1.6, 1.4, 6.4, 1.5, 4.4, 1.4, 29.4, 16.0 ]
          - [ 17.8, 13.3, 3.6, 2.7, 1.6, 1.4, 6.5, 1.5, 4.4, 1.3, 30.1, 15.8 ]
          - [ 17.6, 13.1, 3.5, 2.6, 1.6, 1.4, 6.7, 1.4, 4.5, 1.3, 30.7, 15.6 ]
          - [ 17.4, 12.9, 3.4, 2.6, 1.6, 1.4, 6.8, 1.4, 4.5, 1.3, 31.3, 15.4 ]
          - [ 17.1, 12.7, 3.3, 2.6, 1.6, 1.4, 6.9, 1.4, 4.6, 1.3, 32.0, 15.2 ]
          - [ 16.9, 12.5, 3.3, 2.5, 1.5, 1.4, 7.1, 1.3, 4.6, 1.2, 32.6, 15.1 ]
          - [ 16.6, 12.3, 3.2, 2.5, 1.5, 1.4, 7.2, 1.3, 4.7, 1.2, 33.2, 14.9 ]
          - [ 16.3, 12.1, 3.1, 2.5, 1.5, 1.4, 7.3, 1.3, 4.8, 1.2, 33.9, 14.7 ]
          - [ 16.1, 11.9, 3.0, 2.4, 1.5, 1.4, 7.4, 1.3, 4.8, 1.2, 34.5, 14.5 ]
          - [ 15.8, 11.7, 3.0, 2.4, 1.4, 1.4, 7.6, 1.2, 4.9, 1.1, 35.2, 14.3 ]
          - [ 15.5, 11.5, 2.9, 2.4, 1.4, 1.4, 7.7, 1.2, 4.9, 1.1, 35.9, 14.1 ]
